%YAML:1.0
---
K_iToF: !!opencv-matrix
   rows: 3
   cols: 3
   dt: d
   data: [ 544.46265296118167, 0., 346.02544754637319, 0.,
       544.12865248114338, 252.60193887164232, 0., 0., 1. ]
dist_iToF: !!opencv-matrix
   rows: 1
   cols: 5
   dt: d
   data: [ -0.21796770502840881, 0.02074750637259935,
       0.0013215739396153061, 0.00050651207245200911,
       0.048331492029880685 ]
K_RGB: !!opencv-matrix
   rows: 3
   cols: 3
   dt: d
   data: [ 910.79945042129884, 0., 967.80727819756544, 0.,
       909.50523135310391, 548.12243706034053, 0., 0., 1. ]
dist_RGB: !!opencv-matrix
   rows: 1
   cols: 5
   dt: d
   data: [ 0.036946874207388292, -0.1420299052714146,
       0.0020364092249148501, 0.002092170403674494, 0.17255994639312766 ]
R: !!opencv-matrix
   rows: 3
   cols: 3
   dt: d
   data: [ 0.9998933213423421, -0.001586456582046135,
       0.014519954906713411, 0.0014369365883950588, 0.99994589849845628,
       0.010302198277837599, -0.014535513345618034,
       -0.010280234998687087, 0.99984150524978266 ]
T: !!opencv-matrix
   rows: 3
   cols: 1
   dt: d
   data: [ 0.0020168806248490076, 0.070622275765060152,
       -0.013673635196481401 ]
